  -1.4170299408083900E-005
  -1.4170334016926400E-005
  -1.0692880875315700E-004
  -8.0120286698571205E-011
  -7.9628225671764003E-011
   4.6091048914937098E-021
   1.8629505620992859E-004
  -1.4170299408083900E-005
  -1.4170334016926400E-005
  -1.0692880875315700E-004
  -8.0120286698571205E-011
  -7.9628225671764003E-011
   4.6091048914937098E-021
   1.8629505620992859E-004
  -1.7102019440892398E-005
  -1.2112310840620000E-004
  -1.2109291296936200E-004
  -1.1462928912988470E-005
  -5.0212125383430299E-011
  -4.8824787254359198E-011
   4.0585750828086020E-003
  -8.9497575154201799E-005
  -8.9497511951314201E-005
  -8.9511433097401899E-005
  -7.2303707166637692E-006
  -7.2303608925736500E-006
  -7.2292133646772900E-006
   5.9696867947423016E-003
  -1.8785379711660000E-005
  -1.8785446697498700E-005
  -1.8191735295529501E-004
   5.9211216160935099E-012
   2.8905771175506299E-012
  -3.3459546232997898E-020
   8.8243120239894779E-004
  -1.5093297799675100E-005
  -1.0563364396117401E-004
  -1.0560729011933601E-004
  -1.0259162180211160E-005
  -4.3753522875849097E-011
  -4.2544638488859701E-011
   2.7959987544363685E-003
  -1.3166666158926601E-005
  -9.1194144774596995E-005
  -9.1171105645521003E-005
  -9.0424278765346598E-006
  -3.7737643095776697E-011
  -3.6694978718896301E-011
   1.8204780178621149E-003
  -1.1329868849921100E-005
  -7.7817220430350599E-005
  -7.7797462455770104E-005
  -7.8377166668345397E-006
  -3.2164879265107897E-011
  -3.1276190465666998E-011
   1.0895862669713097E-003
  -9.6142290960397003E-006
  -6.5573843142098894E-005
  -6.5557227618520111E-005
  -6.6682428625242005E-006
  -2.7035623955103200E-011
  -2.6288655618592199E-011
   5.6598480250613648E-004
  -8.0024592160535997E-006
  -5.4398024170039603E-005
  -5.4384170787054000E-005
  -5.5557060835442603E-006
  -2.2350275564437699E-011
  -2.1732761734188700E-011
   2.1225610908004455E-004
  -6.5200266566827005E-006
  -4.4239713390516509E-005
  -4.4228326042057499E-005
  -4.5180095632295898E-006
  -1.8109230742135800E-011
  -1.7608894668418001E-011
  -5.9964527281408664E-006
  -5.1974340360361994E-006
  -3.5128762891696504E-005
  -3.5119654715480697E-005
  -3.5690671370227301E-006
  -1.4312889060412700E-011
  -1.3917443119581500E-011
  -1.2160288179074996E-004
  -4.0201267170370197E-006
  -2.7036877276048501E-005
  -2.7029640404400897E-005
  -2.7212409854411828E-006
  -1.0961650482160599E-011
  -1.0658796167647800E-011
  -1.6354443482669012E-004
  -2.9859308088120001E-006
  -1.9944007185141104E-005
  -1.9938620852103199E-005
  -1.9834118144895531E-006
  -8.0559210985591193E-012
  -7.8333488515432392E-012
  -1.5751955675114004E-004
  -2.1131404713113800E-006
  -1.3953704775940204E-005
